site	rate	t	lnL
1	0.1683980121	0.0583857674	-2.9957322736
1	0.1521314689	0.0583857674	-2.9957322736
1	0.2026487072	0.0583857674	-2.9957322736
1	0.2322018785	0.0583857674	-2.9957322736
1	0.2124224251	0.0583857674	-2.9957322736
1	0.1139201304	0.0583857674	-2.9957322736
1	0.1113290553	0.0583857674	-2.9957322736
1	0.1082085124	0.0583857674	-2.9957322736
1	0.2173852167	0.0583857674	-2.9957322736
1	0.1921456209	0.0583857674	-2.9957322736
1	0.1715836470	0.0583857674	-2.9957322736
1	0.1646500664	0.0583857674	-2.9957322736
1	0.1552503045	0.0583857674	-2.9957322736
1	0.1341462759	0.0583857674	-2.9957322736
1	0.1013875961	0.0583857674	-2.9957322736
1	0.1596672270	0.0583857674	-2.9957322736
1	0.1570914574	0.0583857674	-2.9957322736
1	0.1239530741	0.0583857674	-2.9957322736
1	0.2051497454	0.0583857674	-2.9957322736
1	0.2221069670	0.0583857674	-2.9957322736
